#ifndef simon
#define simon

#include <stdlib.h>
#include <stdio.h>
#include <stdbool.h>
#include <string.h>
#include <math.h>
#include <time.h>
#include <SDL2/SDL.h>
#include <SDL2/SDL_ttf.h>
#include <SDL2/SDL_mixer.h>

#define NOMBRE_VENTANA "Universe Simon"
#define ANCHO_VENTANA 1000
#define ALTO_VENTANA 700
#define TODO_OK 0
#define FALLO -1
#define TAM_TITULO 80
#define TAM_NORMAL 30
#define TAM_CHICO 20
#define VOLUMEN 20
#define LADO_MATRIZ 23
#define TAM_PIXEL 23
#define RADIO_TECLA LADO_MATRIZ*TAM_PIXEL
#define TAM_VEC 30
#define PADDING_TITULO 15
#define COLOR_TITULO (SDL_Color){255, 255, 255, 255}
#define COLOR_TEXTO (SDL_Color){82, 148, 163, 255}
#define ANCHO_BOTON 300
#define ALTO_BOTON 50
#define ANCHO_CAMPO 450
#define PADDING_VERTICAL 70
#define PADDING_HORIZONTAL 20

#define DISMINUIRPORCENTAJE 0.93f

typedef enum {
    MENU = 2,
    CONFIG,
    JUEGO,
    STATS,
    CREDITOS
} EstadoJuego;

typedef enum {
    TECLAS = 7,
    DURACION,
    TIMBRE,
    NINGUNO
} CampoActivo;

typedef enum {
    ROJO = 11,
    CELESTE,
    AMARILLO,
    VERDE,
    ROSA,
    VIOLETA,
    AZUL,
    NARANJA,
    NEGRO,
    FONDO
} CodigoColor;

typedef struct {
    TTF_Font* fuente;
    SDL_Color color;
    SDL_Rect rect;
    SDL_Texture* img;
} Texto;

typedef struct {
    SDL_Window* ventana;
    SDL_Renderer* renderer;
    SDL_Texture* fondo;
    Texto titulo;
    Texto normal;
    Texto chico;
    Texto boton;
    const Uint8* keystate;
    Mix_Chunk* a_sonido;
    Mix_Music* musica;
} Juego;

typedef struct{
    int* melodia;
    char* nombre;
    int cantNotas;
    int max;
    int cantMaxNotas;
}dataMelodias;

typedef struct{
    dataMelodias* vec;
    int cantElem;
    int max;
}vecMelodias;

typedef enum {
    MODO_SCHONBERG,
    MODO_MOZART,
    MODO_UNIVERSE,
    MODO_DESAFIO
} TipoModoJuego;


typedef struct {
    int* vec;
    int cantElem;
    char nombre[30];
    int duracion;
    int lim;
    TipoModoJuego modo;
} datosJuego;

static const int tresTeclas[LADO_MATRIZ][LADO_MATRIZ] = {
    {20, 20, 20, 20, 20, 20, 20, 19, 19, 19, 19, 19, 19, 19, 19, 19, 20, 20, 20, 20, 20, 20, 20},
    {20, 20, 20, 20, 20, 19, 19, 11, 11, 11, 11, 19, 12, 12, 12, 12, 19, 19, 20, 20, 20, 20, 20},
    {20, 20, 20, 20, 19, 11, 11, 11, 11, 11, 11, 19, 12, 12, 12, 12, 12, 12, 19, 20, 20, 20, 20},
    {20, 20, 20, 19, 11, 11, 11, 11, 11, 11, 11, 19, 12, 12, 12, 12, 12, 12, 12, 19, 20, 20, 20},
    {20, 20, 19, 11, 11, 11, 11, 11, 11, 11, 11, 19, 12, 12, 12, 12, 12, 12, 12, 12, 19, 20, 20},
    {20, 19, 11, 11, 11, 11, 11, 11, 11, 11, 11, 19, 12, 12, 12, 12, 12, 12, 12, 12, 12, 19, 20},
    {20, 19, 11, 11, 11, 11, 11, 11, 11, 11, 11, 19, 12, 12, 12, 12, 12, 12, 12, 12, 12, 19, 20},
    {19, 11, 11, 11, 11, 11, 11, 11, 11, 11, 11, 19, 12, 12, 12, 12, 12, 12, 12, 12, 12, 12, 19},
    {19, 11, 11, 11, 11, 11, 11, 11, 11, 11, 11, 19, 12, 12, 12, 12, 12, 12, 12, 12, 12, 12, 19},
    {19, 11, 11, 11, 11, 11, 11, 11, 11, 11, 11, 19, 12, 12, 12, 12, 12, 12, 12, 12, 12, 12, 19},
    {19, 11, 11, 11, 11, 11, 11, 11, 11, 11, 19, 19, 19, 12, 12, 12, 12, 12, 12, 12, 12, 12, 19},
    {19, 11, 11, 11, 11, 11, 11, 11, 11, 19, 19, 19, 19, 19, 12, 12, 12, 12, 12, 12, 12, 12, 19},
    {19, 11, 11, 11, 11, 11, 11, 11, 19, 13, 19, 19, 19, 13, 19, 12, 12, 12, 12, 12, 12, 12, 19},
    {19, 11, 11, 11, 11, 11, 11, 19, 19, 13, 13, 13, 13, 13, 19, 19, 12, 12, 12, 12, 12, 12, 19},
    {19, 11, 11, 11, 11, 19, 19, 13, 13, 13, 13, 13, 13, 13, 13, 13, 19, 19, 12, 12, 12, 12, 19},
    {19, 11, 11, 19, 19, 13, 13, 13, 13, 13, 13, 13, 13, 13, 13, 13, 13, 13, 19, 19, 12, 12, 19},
    {20, 19, 19, 13, 13, 13, 13, 13, 13, 13, 13, 13, 13, 13, 13, 13, 13, 13, 13, 13, 19, 19, 20},
    {20, 19, 13, 13, 13, 13, 13, 13, 13, 13, 13, 13, 13, 13, 13, 13, 13, 13, 13, 13, 13, 19, 20},
    {20, 20, 19, 13, 13, 13, 13, 13, 13, 13, 13, 13, 13, 13, 13, 13, 13, 13, 13, 13, 19, 20, 20},
    {20, 20, 20, 19, 13, 13, 13, 13, 13, 13, 13, 13, 13, 13, 13, 13, 13, 13, 13, 19, 20, 20, 20},
    {20, 20, 20, 20, 19, 13, 13, 13, 13, 13, 13, 13, 13, 13, 13, 13, 13, 13, 19, 20, 20, 20, 20},
    {20, 20, 20, 20, 20, 19, 19, 13, 13, 13, 13, 13, 13, 13, 13, 13, 19, 19, 20, 20, 20, 20, 20},
    {20, 20, 20, 20, 20, 20, 20, 19, 19, 19, 19, 19, 19, 19, 19, 19, 20, 20, 20, 20, 20, 20, 20}
};

static const int cuatroTeclas[LADO_MATRIZ][LADO_MATRIZ] = {
    {20, 20, 20, 20, 20, 20, 20, 19, 19, 19, 19, 19, 19, 19, 19, 19, 20, 20, 20, 20, 20, 20, 20},
    {20, 20, 20, 20, 20, 19, 19, 11, 11, 11, 11, 19, 12, 12, 12, 12, 19, 19, 20, 20, 20, 20, 20},
    {20, 20, 20, 20, 19, 11, 11, 11, 11, 11, 11, 19, 12, 12, 12, 12, 12, 12, 19, 20, 20, 20, 20},
    {20, 20, 20, 19, 11, 11, 11, 11, 11, 11, 11, 19, 12, 12, 12, 12, 12, 12, 12, 19, 20, 20, 20},
    {20, 20, 19, 11, 11, 11, 11, 11, 11, 11, 11, 19, 12, 12, 12, 12, 12, 12, 12, 12, 19, 20, 20},
    {20, 19, 11, 11, 11, 11, 11, 11, 11, 11, 11, 19, 12, 12, 12, 12, 12, 12, 12, 12, 12, 19, 20},
    {20, 19, 11, 11, 11, 11, 11, 11, 11, 11, 11, 19, 12, 12, 12, 12, 12, 12, 12, 12, 12, 19, 20},
    {19, 11, 11, 11, 11, 11, 11, 11, 11, 11, 11, 19, 12, 12, 12, 12, 12, 12, 12, 12, 12, 12, 19},
    {19, 11, 11, 11, 11, 11, 11, 11, 11, 11, 11, 19, 12, 12, 12, 12, 12, 12, 12, 12, 12, 12, 19},
    {19, 11, 11, 11, 11, 11, 11, 11, 11, 11, 11, 19, 12, 12, 12, 12, 12, 12, 12, 12, 12, 12, 19},
    {19, 11, 11, 11, 11, 11, 11, 11, 11, 11, 19, 19, 19, 12, 12, 12, 12, 12, 12, 12, 12, 12, 19},
    {19, 19, 19, 19, 19, 19, 19, 19, 19, 19, 19, 19, 19, 19, 19, 19, 19, 19, 19, 19, 19, 19, 19},
    {19, 14, 14, 14, 14, 14, 14, 14, 14, 14, 19, 19, 19, 13, 13, 13, 13, 13, 13, 13, 13, 13, 19},
    {19, 14, 14, 14, 14, 14, 14, 14, 14, 14, 14, 19, 13, 13, 13, 13, 13, 13, 13, 13, 13, 13, 19},
    {19, 14, 14, 14, 14, 14, 14, 14, 14, 14, 14, 19, 13, 13, 13, 13, 13, 13, 13, 13, 13, 13, 19},
    {19, 14, 14, 14, 14, 14, 14, 14, 14, 14, 14, 19, 13, 13, 13, 13, 13, 13, 13, 13, 13, 13, 19},
    {20, 19, 14, 14, 14, 14, 14, 14, 14, 14, 14, 19, 13, 13, 13, 13, 13, 13, 13, 13, 13, 19, 20},
    {20, 19, 14, 14, 14, 14, 14, 14, 14, 14, 14, 19, 13, 13, 13, 13, 13, 13, 13, 13, 13, 19, 20},
    {20, 20, 19, 14, 14, 14, 14, 14, 14, 14, 14, 19, 13, 13, 13, 13, 13, 13, 13, 13, 19, 20, 20},
    {20, 20, 20, 19, 14, 14, 14, 14, 14, 14, 14, 19, 13, 13, 13, 13, 13, 13, 13, 19, 20, 20, 20},
    {20, 20, 20, 20, 19, 14, 14, 14, 14, 14, 14, 19, 13, 13, 13, 13, 13, 13, 19, 20, 20, 20, 20},
    {20, 20, 20, 20, 20, 19, 19, 14, 14, 14, 14, 19, 13, 13, 13, 13, 19, 19, 20, 20, 20, 20, 20},
    {20, 20, 20, 20, 20, 20, 20, 19, 19, 19, 19, 19, 19, 19, 19, 19, 20, 20, 20, 20, 20, 20, 20}
};

static const int cincoTeclas[LADO_MATRIZ][LADO_MATRIZ] = {
    {20, 20, 20, 20, 20, 20, 20, 19, 19, 19, 19, 19, 19, 19, 19, 19, 20, 20, 20, 20, 20, 20, 20},
    {20, 20, 20, 20, 20, 19, 19, 11, 11, 11, 11, 19, 12, 12, 12, 12, 19, 19, 20, 20, 20, 20, 20},
    {20, 20, 20, 20, 19, 11, 11, 11, 11, 11, 11, 19, 12, 12, 12, 12, 12, 12, 19, 20, 20, 20, 20},
    {20, 20, 20, 19, 11, 11, 11, 11, 11, 11, 11, 19, 12, 12, 12, 12, 12, 12, 12, 19, 20, 20, 20},
    {20, 20, 19, 11, 11, 11, 11, 11, 11, 11, 11, 19, 12, 12, 12, 12, 12, 12, 12, 12, 19, 20, 20},
    {20, 19, 19, 11, 11, 11, 11, 11, 11, 11, 11, 19, 12, 12, 12, 12, 12, 12, 12, 12, 19, 19, 20},
    {20, 19, 14, 19, 11, 11, 11, 11, 11, 11, 11, 19, 12, 12, 12, 12, 12, 12, 12, 19, 13, 19, 20},
    {19, 14, 14, 14, 19, 11, 11, 11, 11, 11, 11, 19, 12, 12, 12, 12, 12, 12, 19, 13, 13, 13, 19},
    {19, 14, 14, 14, 14, 19, 11, 11, 11, 11, 11, 19, 12, 12, 12, 12, 12, 19, 13, 13, 13, 13, 19},
    {19, 14, 14, 14, 14, 14, 19, 11, 11, 11, 11, 19, 12, 12, 12, 12, 19, 13, 13, 13, 13, 13, 19},
    {19, 14, 14, 14, 14, 14, 14, 19, 11, 11, 19, 19, 19, 12, 12, 19, 13, 13, 13, 13, 13, 13, 19},
    {19, 14, 14, 14, 14, 14, 14, 14, 19, 19, 19, 19, 19, 19, 19, 13, 13, 13, 13, 13, 13, 13, 19},
    {19, 14, 14, 14, 14, 14, 14, 14, 14, 14, 19, 19, 19, 13, 13, 13, 13, 13, 13, 13, 13, 13, 19},
    {19, 14, 14, 14, 14, 14, 14, 14, 14, 19, 15, 15, 15, 19, 13, 13, 13, 13, 13, 13, 13, 13, 19},
    {19, 14, 14, 14, 14, 14, 14, 14, 19, 15, 15, 15, 15, 15, 19, 13, 13, 13, 13, 13, 13, 13, 19},
    {19, 14, 14, 14, 14, 14, 14, 19, 15, 15, 15, 15, 15, 15, 15, 19, 13, 13, 13, 13, 13, 13, 19},
    {20, 19, 14, 14, 14, 14, 19, 15, 15, 15, 15, 15, 15, 15, 15, 15, 19, 13, 13, 13, 13, 19, 20},
    {20, 19, 19, 14, 14, 19, 15, 15, 15, 15, 15, 15, 15, 15, 15, 15, 15, 19, 13, 13, 19, 19, 20},
    {20, 20, 19, 14, 19, 15, 15, 15, 15, 15, 15, 15, 15, 15, 15, 15, 15, 15, 19, 13, 19, 20, 20},
    {20, 20, 20, 19, 19, 15, 15, 15, 15, 15, 15, 15, 15, 15, 15, 15, 15, 15, 19, 19, 20, 20, 20},
    {20, 20, 20, 20, 19, 15, 15, 15, 15, 15, 15, 15, 15, 15, 15, 15, 15, 15, 19, 20, 20, 20, 20},
    {20, 20, 20, 20, 20, 19, 19, 15, 15, 15, 15, 15, 15, 15, 15, 15, 19, 19, 20, 20, 20, 20, 20},
    {20, 20, 20, 20, 20, 20, 20, 19, 19, 19, 19, 19, 19, 19, 19, 19, 20, 20, 20, 20, 20, 20, 20}
};

static const int seisTeclas[LADO_MATRIZ][LADO_MATRIZ] = {
    {20, 20, 20, 20, 20, 20, 20, 19, 19, 19, 19, 19, 19, 19, 19, 19, 20, 20, 20, 20, 20, 20, 20},
    {20, 20, 20, 20, 20, 19, 19, 11, 11, 11, 11, 11, 11, 11, 11, 11, 19, 19, 20, 20, 20, 20, 20},
    {20, 20, 20, 20, 19, 19, 11, 11, 11, 11, 11, 11, 11, 11, 11, 11, 11, 19, 19, 20, 20, 20, 20},
    {20, 20, 20, 19, 19, 19, 11, 11, 11, 11, 11, 11, 11, 11, 11, 11, 11, 19, 19, 19, 20, 20, 20},
    {20, 20, 19, 13, 13, 19, 19, 11, 11, 11, 11, 11, 11, 11, 11, 11, 19, 19, 14, 14, 19, 20, 20},
    {20, 19, 13, 13, 13, 13, 19, 11, 11, 11, 11, 11, 11, 11, 11, 11, 19, 14, 14, 14, 14, 19, 20},
    {20, 19, 13, 13, 13, 13, 19, 19, 11, 11, 11, 11, 11, 11, 11, 19, 19, 14, 14, 14, 14, 19, 20},
    {19, 13, 13, 13, 13, 13, 13, 13, 19, 11, 11, 11, 11, 11, 19, 14, 14, 14, 14, 14, 14, 14, 19},
    {19, 13, 13, 13, 13, 13, 13, 13, 19, 19, 11, 11, 11, 19, 19, 14, 14, 14, 14, 14, 14, 14, 19},
    {19, 13, 13, 13, 13, 13, 13, 13, 14, 14, 19, 11, 19, 14, 14, 14, 14, 14, 14, 14, 14, 14, 19},
    {19, 13, 13, 13, 13, 13, 13, 13, 14, 14, 19, 19, 19, 14, 14, 14, 14, 14, 14, 14, 14, 14, 19},
    {19, 19, 19, 19, 19, 19, 19, 19, 19, 19, 19, 19, 19, 19, 19, 19, 19, 19, 19, 19, 19, 19, 19},
    {19, 16, 16, 16, 16, 16, 16, 16, 16, 16, 19, 19, 19, 15, 15, 15, 15, 15, 15, 15, 15, 15, 19},
    {19, 16, 16, 16, 16, 16, 16, 16, 16, 16, 19, 12, 19, 15, 15, 15, 15, 15, 15, 15, 15, 15, 19},
    {19, 16, 16, 16, 16, 16, 16, 16, 19, 19, 12, 12, 12, 19, 19, 15, 15, 15, 15, 15, 15, 15, 19},
    {19, 16, 16, 16, 16, 16, 16, 16, 19, 12, 12, 12, 12, 12, 19, 15, 15, 15, 15, 15, 15, 15, 19},
    {20, 19, 16, 16, 16, 16, 19, 19, 12, 12, 12, 12, 12, 12, 12, 19, 19, 15, 15, 15, 15, 19, 20},
    {20, 19, 16, 16, 16, 16, 19, 12, 12, 12, 12, 12, 12, 12, 12, 12, 19, 15, 15, 15, 15, 19, 20},
    {20, 20, 19, 16, 16, 19, 19, 12, 12, 12, 12, 12, 12, 12, 12, 12, 19, 19, 15, 15, 19, 20, 20},
    {20, 20, 20, 19, 19, 19, 12, 12, 12, 12, 12, 12, 12, 12, 12, 12, 12, 19, 19, 19, 20, 20, 20},
    {20, 20, 20, 20, 19, 19, 12, 12, 12, 12, 12, 12, 12, 12, 12, 12, 12, 19, 19, 20, 20, 20, 20},
    {20, 20, 20, 20, 20, 19, 19, 12, 12, 12, 12, 12, 12, 12, 12, 12, 19, 19, 20, 20, 20, 20, 20},
    {20, 20, 20, 20, 20, 20, 20, 19, 19, 19, 19, 19, 19, 19, 19, 19, 20, 20, 20, 20, 20, 20, 20}
};

static const int sieteTeclas[LADO_MATRIZ][LADO_MATRIZ] = {
    {20, 20, 20, 20, 20, 20, 20, 19, 19, 19, 19, 19, 19, 19, 19, 19, 20, 20, 20, 20, 20, 20, 20},
    {20, 20, 20, 20, 20, 19, 19, 11, 11, 11, 11, 19, 12, 12, 12, 12, 19, 19, 20, 20, 20, 20, 20},
    {20, 20, 20, 20, 19, 11, 11, 11, 11, 11, 11, 19, 12, 12, 12, 12, 12, 12, 19, 20, 20, 20, 20},
    {20, 20, 20, 19, 11, 11, 11, 11, 11, 11, 11, 19, 12, 12, 12, 12, 12, 12, 12, 19, 20, 20, 20},
    {20, 20, 19, 19, 11, 11, 11, 11, 11, 11, 11, 19, 12, 12, 12, 12, 12, 12, 12, 19, 19, 20, 20},
    {20, 19, 16, 16, 19, 11, 11, 11, 11, 11, 11, 19, 12, 12, 12, 12, 12, 12, 19, 15, 15, 19, 20},
    {20, 19, 16, 16, 16, 19, 11, 11, 11, 11, 11, 19, 12, 12, 12, 12, 19, 15, 15, 15, 15, 19, 20},
    {19, 16, 16, 16, 16, 16, 19, 11, 11, 11, 11, 19, 12, 12, 12, 12, 19, 15, 15, 15, 15, 15, 19},
    {19, 16, 16, 16, 16, 16, 16, 19, 19, 11, 11, 19, 12, 12, 19, 19, 15, 15, 15, 15, 15, 15, 19},
    {19, 16, 16, 16, 16, 16, 16, 16, 16, 19, 11, 19, 12, 19, 15, 15, 15, 15, 15, 15, 15, 15, 19},
    {19, 16, 16, 16, 16, 16, 16, 16, 16, 16, 19, 19, 19, 15, 15, 15, 15, 15, 15, 15, 15, 15, 19},
    {19, 16, 16, 16, 16, 16, 16, 19, 19, 19, 19, 19, 19, 19, 19, 19, 15, 15, 15, 15, 15, 15, 19},
    {19, 16, 16, 16, 16, 19, 19, 19, 14, 14, 19, 19, 19, 13, 13, 19, 19, 19, 15, 15, 15, 15, 19},
    {19, 16, 19, 19, 19, 14, 14, 14, 14, 19, 17, 17, 17, 19, 13, 13, 13, 13, 19, 19, 19, 15, 19},
    {19, 19, 14, 14, 14, 14, 14, 14, 19, 19, 17, 17, 17, 19, 19, 13, 13, 13, 13, 13, 13, 19, 19},
    {19, 14, 14, 14, 14, 14, 14, 14, 19, 17, 17, 17, 17, 17, 19, 13, 13, 13, 13, 13, 13, 13, 19},
    {20, 19, 14, 14, 14, 14, 14, 14, 19, 17, 17, 17, 17, 17, 19, 13, 13, 13, 13, 13, 13, 19, 20},
    {20, 19, 14, 14, 14, 14, 14, 19, 17, 17, 17, 17, 17, 17, 17, 19, 13, 13, 13, 13, 13, 19, 20},
    {20, 20, 19, 14, 14, 14, 14, 19, 17, 17, 17, 17, 17, 17, 17, 19, 13, 13, 13, 13, 19, 20, 20},
    {20, 20, 20, 19, 14, 14, 14, 19, 17, 17, 17, 17, 17, 17, 17, 19, 13, 13, 13, 19, 20, 20, 20},
    {20, 20, 20, 20, 19, 14, 19, 17, 17, 17, 17, 17, 17, 17, 17, 17, 19, 13, 19, 20, 20, 20, 20},
    {20, 20, 20, 20, 20, 19, 19, 19, 17, 17, 17, 17, 17, 17, 17, 19, 19, 19, 20, 20, 20, 20, 20},
    {20, 20, 20, 20, 20, 20, 20, 19, 19, 19, 19, 19, 19, 19, 19, 19, 20, 20, 20, 20, 20, 20, 20}
};

static const int ochoTeclas[LADO_MATRIZ][LADO_MATRIZ] = {
    {20, 20, 20, 20, 20, 20, 20, 19, 19, 19, 19, 19, 19, 19, 19, 19, 20, 20, 20, 20, 20, 20, 20},
    {20, 20, 20, 20, 20, 19, 19, 11, 11, 11, 11, 19, 12, 12, 12, 12, 19, 19, 20, 20, 20, 20, 20},
    {20, 20, 20, 20, 19, 11, 11, 11, 11, 11, 11, 19, 12, 12, 12, 12, 12, 12, 19, 20, 20, 20, 20},
    {20, 20, 20, 19, 11, 11, 11, 11, 11, 11, 11, 19, 12, 12, 12, 12, 12, 12, 12, 19, 20, 20, 20},
    {20, 20, 19, 16, 19, 11, 11, 11, 11, 11, 11, 19, 12, 12, 12, 12, 12, 12, 19, 15, 19, 20, 20},
    {20, 19, 16, 16, 16, 19, 11, 11, 11, 11, 11, 19, 12, 12, 12, 12, 12, 19, 15, 15, 15, 19, 20},
    {20, 19, 16, 16, 16, 16, 19, 11, 11, 11, 11, 19, 12, 12, 12, 12, 19, 15, 15, 15, 15, 19, 20},
    {19, 16, 16, 16, 16, 16, 16, 19, 11, 11, 11, 19, 12, 12, 12, 19, 15, 15, 15, 15, 15, 15, 19},
    {19, 16, 16, 16, 16, 16, 16, 16, 19, 11, 11, 19, 12, 12, 19, 15, 15, 15, 15, 15, 15, 15, 19},
    {19, 16, 16, 16, 16, 16, 16, 16, 16, 19, 11, 19, 12, 19, 15, 15, 15, 15, 15, 15, 15, 15, 19},
    {19, 16, 16, 16, 16, 16, 16, 16, 16, 16, 19, 19, 19, 15, 15, 15, 15, 15, 15, 15, 15, 15, 19},
    {19, 19, 19, 19, 19, 19, 19, 19, 19, 19, 19, 19, 19, 19, 19, 19, 19, 19, 19, 19, 19, 19, 19},
    {19, 14, 14, 14, 14, 14, 14, 14, 14, 14, 19, 19, 19, 13, 13, 13, 13, 13, 13, 13, 13, 13, 19},
    {19, 14, 14, 14, 14, 14, 14, 14, 14, 19, 17, 19, 18, 19, 13, 13, 13, 13, 13, 13, 13, 13, 19},
    {19, 14, 14, 14, 14, 14, 14, 14, 19, 17, 17, 19, 18, 18, 19, 13, 13, 13, 13, 13, 13, 13, 19},
    {19, 14, 14, 14, 14, 14, 14, 19, 17, 17, 17, 19, 18, 18, 18, 19, 13, 13, 13, 13, 13, 13, 19},
    {20, 19, 14, 14, 14, 14, 19, 17, 17, 17, 17, 19, 18, 18, 18, 18, 19, 13, 13, 13, 13, 19, 20},
    {20, 19, 14, 14, 14, 19, 17, 17, 17, 17, 17, 19, 18, 18, 18, 18, 18, 19, 13, 13, 13, 19, 20},
    {20, 20, 19, 14, 19, 17, 17, 17, 17, 17, 17, 19, 18, 18, 18, 18, 18, 18, 19, 13, 19, 20, 20},
    {20, 20, 20, 19, 17, 17, 17, 17, 17, 17, 17, 19, 18, 18, 18, 18, 18, 18, 18, 19, 20, 20, 20},
    {20, 20, 20, 20, 19, 17, 17, 17, 17, 17, 17, 19, 18, 18, 18, 18, 18, 18, 19, 20, 20, 20, 20},
    {20, 20, 20, 20, 20, 19, 19, 17, 17, 17, 17, 19, 18, 18, 18, 18, 19, 19, 20, 20, 20, 20, 20},
    {20, 20, 20, 20, 20, 20, 20, 19, 19, 19, 19, 19, 19, 19, 19, 19, 20, 20, 20, 20, 20, 20, 20}
};

const int (*seleccionTablero(const int numTeclas))[LADO_MATRIZ];
typedef void (*modoJuego)(datosJuego* partida, int luz);

bool sdl_inicializar(Juego* juego);
bool cargar_medios(Juego* juego);
void finalizar(Juego* juego);
void loop_principal(Juego* juegos);
void renderizarTxt(SDL_Renderer* renderer, Texto* texto, const char* mensaje, SDL_Rect* rect, SDL_Color color);
void renderizarTitulo(SDL_Renderer* renderer, Texto* texto, const char* mensaje, SDL_Rect* rect);
void renderizarAtras(SDL_Renderer* renderer, Texto* info_boton, SDL_Rect* rect);
void manejoMenu(SDL_Event* evento, EstadoJuego* estado, char* jugador);
void renderizarMenu(SDL_Renderer* renderer, Texto* titulo, Texto* botones, char* jugador);
void manejoEstadisticas(SDL_Event* evento, EstadoJuego* estado);
void renderizarEstadisticas(SDL_Renderer* renderer, Texto* titulo, Texto* boton, Texto* texto);
void manejoCreditos(SDL_Event *evento, EstadoJuego* estado);
void renderizarCreditos(SDL_Renderer* renderer, Texto* titulo, Texto* boton, Texto* chico);
void manejoConfiguracion(SDL_Event* evento, EstadoJuego* estado, char* teclas, char* duracion, char* timbre, TipoModoJuego* modo);
bool validarCampo(CampoActivo campo, const char* texto);
void renderizarConfiguracion(SDL_Renderer* renderer, Texto* titulo, Texto* boton, Texto* normal, char* teclas, char* duracion, char* timbre);
void inicializarPartida(datosJuego* datos, Juego* juego);
int agrandarVec(datosJuego* datos);
int vaciarDatos(datosJuego* datos);
int calcularToque(SDL_Event* evento, const int (*tablero)[LADO_MATRIZ]);
int calcularLuces(const int numTeclas);
int guardarLuces(datosJuego* datos, const int luz);
int compararAvance(datosJuego* partida, datosJuego* jugador);
void manejoJuego(SDL_Event* evento, EstadoJuego* estado, datosJuego* partida, datosJuego* jugador, Juego* juego, const int numTeclas, int* duracion, bool* partidaIniciada);
void renderizarJuego(SDL_Renderer* renderer, Texto* boton, const int (*tablero)[LADO_MATRIZ], int iluminar);
void pintarIluminados(Juego* juego, const int numTeclas, datosJuego* partida, const int (*tablero)[LADO_MATRIZ], int duracion);
bool configuracionCompleta(const char* teclas, const char* duracion, const char* timbre, TipoModoJuego* modo);
bool validarModo(TipoModoJuego* modo);

void convertirTxtInt(datosJuego* datos, char* text);
void CalcularMozart(datosJuego* datos, char*);
void CalcularSchomberg(datosJuego* datos, int luz);
void CalcularUniverse(datosJuego* datos, int luz);
void CalcularDesafio(datosJuego* datos, int luz);

int iniciarMelodias(dataMelodias* mel);
int agrandarMelodias(dataMelodias* mel);
int iniciarVecMelodias(vecMelodias* mel);
int agrandarVecMelodias(vecMelodias* mel);
int pushMelodia(vecMelodias* vm, const dataMelodias* src);
void liberarMelodias(dataMelodias* m);
void liberarVecMelodias(vecMelodias* vm);

#endif // simon
